0302310413665
3217731871086
6215362720202
6017188435640
3231182546340
0360177560700
1012631338407
3652362084733
7635151172310
8355328340846
0681538253066
8854420367320
4303531444256
0263858520685
6322747475227
5423438717537
7332223067115
6611541104375
3074568864052
0777602851501
0266803673111
4250215342316
3566814455285
0241455450258
4465834156003
0667530502827
6427531050606
7443430048763
8424172158870
6833687745156
4261530146618
8652455361612
8754817320333
4682151781210
5027000342586
5345617107448
0848622856040
3280422407234
0274272081854
3670541575202
2140015218004
2184104884682
7272654840570
6021660018623
1422661632382
4446035034676
0825208248613
7532681414447
3636054861470
2080474540607
6527461362868
0640474551518
6817555278686
7655683577134
7511355481275
3051661686083
6728084160164
0227436152051
3278711887100
2345044167402
6220422851271
0440407413682
5086427538582
8606216838563
3275750251075
0045481100331
4231020174770
0702407516374
6413241607840
7741466473074
2543582544842
3638816428001
6188114614162
8132355238083
8000643321653
7051211515084
4372188624506
6275066075616
8676401108488
7554480447654
2145711482850
5845336081320
6014701878631
2747368430874
3742003730243
8406072107416
6243815352357
5837612074450
1423080331200
1702251112711
3768606881021
4442707504842
7470142852543
2211600015674
7242363422088
5828277475486
8425711658427
7080802740622
7000683577153
8618075386565
3584443521652
4820264504540
8587232146523
5176442736184
7283138357638
2308156702630
0225868658115
2388313428634
4167018026107
8316376533708
5047341326078
8140678428344
7570776058532
6835518485026
0133112755518
2073285300052
2508067174527
3030273677542
1628136785754
7373420445806
1143734650773
2484353700732
3375038424357
3171285185401
3570168400708
4880858512886
7713734802513
5522181245285
8151381370261
4404627582270
0633283233377
6887585035208
8188822373847
3270155757505
2185112382343
0447583753133
5403228200322
7143045640262
5576772657250
0510315312223
6650366862322
5841316840535
1084353404043
4812266155787
0432605655827
7864436067716
7535414548077
0758210387401
4273550818380
7623855527364
5038684251603
4788728233158
7351336080512
3361552407538
1622613701646
2324636574416
4246486428662
3732206728150
2622170860325
7628347487152
3382321358107
8536608618424
6652806835846
1112618551021
1542438843720
0274832887581
3370550681411
4475638615701
5011672204047
1220133776130
2042608388573
5784060815303
3637387642676
0432252764735
3211301252015
6060416265572
6756143644438
6533221682150
6536543023680
4681416540733
2657540177277
8073263164776
8732543225446
2776853516606
1824278741651
7356328445204
1417151733063
6487501678842
4115284654550
1333850853558
1863413710561
0160821586338
3338658365828
4218365747243
2432138568422
8663577877383
6707513334033
5336366068111
4633682661482
2785268114503
6228786466886
0167177137115
3182173210362
5175185457432
6123317244444
1547121816266
2516347801875
2801531560076
2135405672061
0551348481700
8515408616536
8283684324845
4713845308526
0647886656544
8565010851476
1727321086835
8688047440637
3163480177363
2240762413861
8825744480242
8331741624841
8132776300828
7273214577084
3436421652152
4777248768772
6851222231825
6022867066685
5056547141040
8280575567438
1010281551555
4331827864050
7308203537847
1233034031158
2403513106568
5201536014433
6104173377482
7160466162025
6771050141155
7356342255308
6628802504457
7802844883587
4821241072852
0387701552225
7507368152271
0460516641814
4717507564007
2514068505856
0583405810865
2043868670580
2274122882620
0380517437066
1581424363068
6452770855674
3047366405866
3752083643710
2664013083878
2835754031234
7468656240644
7364464053274
1508441438205
2057850371376
5742140241255
2284334743373
6713350773007
7837822337337
8371304662107
5473883554464
0403868566868
0500616066587
4813724788632
3028775877546
3843743028337
5210635465767
6285147084351
1811075823671
2825256871166
8465774416354
0074816028731
6813683381154
8350188755022
8865581505368
3211858313426
8431200483524
2388712245535
3387512706272
2633747434325
3833767656417
4862650475707
1510845063357
4055872087607
7104352052456
0576526700815
8771638064820
7268700176112
4386113654244
1662074543011
8131158384003
7822744273445
3668074811232
5401152685225
5670785522684
1435607478261
7273046327113
3763231646338
1306652502672
2208523358735
7443440022241
4763485008551
1855422067166
2710863465524
7757477330467
0107056656700
7153382034472
2738662061484
0562067405786
4376648627360
1681014785213
7072248018283
8877724040474
6484645267705
7600762514817
0532033674061
6212107236842
7584883748847
4570282588483
8355836656725
1222326241334
0167635488270
4608706560264
2113221335060
3601303260152
3672131104356
0551101758456
2224087884503
5572265507658
1436726417853
3671180634025
7801458172416
3384776837786
6426833146383
3515428356676
1563122774803
1657545341673
4820647217305
0654124111760
1225385672476
4208817048700
4223732625853
3372305362012
5806345332434
1401513464114
6356021463542
3888038881355
7768485761752
2183135373463
6157211333678
6835612716040
8820311013278
5477715166815
3355453222138
5675417757838
7872138676448
6463164757212
6376552464300
7316030542025
2702051855800
7238832180587
7062064833343
7711725856142
6843742260234
1513884554861
2282246605304
8110777200617
1061445510247
7571873302346
1782210325871
7386175801480
8741736737686
1334072708420
4760642122817
5133517362451
5628707677020
2657143210353
2467514575733
8207321480770
0283582463001
8743064650136
0373378402638
8071706133840
1334170877538
1067470163842
0546077365151
8301116775457
1473838763307
7454441285052
6631801263435
6521851332231
8341776662443
3850000874076
4472407706655
6570365521731
1211843122837
4642274434171
2102208274676
2143285428088
8767703712008
8345173452881
1158203301506
5480843201066
1433568571220
8557275418552
4471042488055
8006257846617
1118467223661
6840641684435
8638618131383
2726520087440
1811564760726
5603711323327
1340874680814
5345743852048
3368568751250
8786602346754
8874045040084
2160128644085
8247572070801
7003786170644
5674375343464
1543168038606
0141172025125
1462646260637
8441604663831
6337021554202
1233166277517
0783177472880
4223010481231
1677576112613
4262043123047
3031650851506
1172051567650
7808372735785
0137012332283
3316154570867
6676403350276
4364660048654
1302041244456
1587377411733
1661611088338
6640728853165
7688217534426
3362644311802
5445254133086
2423287074236
5125508853171
7658052810077
0226821483766
0066014000483
5064117706673
7567362241248
8278167451641
6780307528226
6501748225805
8072403103347
1525346301442
1483288617704
1755165033862
4317737287151
3400644727638
6717186044420
3222038021835
4131544768015
2818846602586
3384623544528
0726211410721
3573861800722
6687346048438
3721301477705
8080734043435
3508620023675
6067816755031
1878367664480
4855521153354
3576804511128
8880528767188
6205543722884
4342742631146
0666656821555
5815600074238
6623170735154
2251286272463
1462242670670
6562300177452
2668365655113
5263182110458
4623515015085
8221050036335
5300513428428
8424664580800
8481878052018
7515277165670
6805208527508
5282123677336
0182812810800
8135655325133
3437052407508
3603182131211
7637567477520
2648365717373
2028206774111
8134831154647
4535880146284
4514227173368
8515444340415
2084305484012
3666188003071
7308452506130
3038104206678
5251585221300
4763043157502
8386621488070
1770888155566
1370401301254
0744754835348
5112738816684
0650644370506
8177745538262
8658175357228
7046042046137
1385632357787
7332344854058
6424845352300
7842267158612
5774778767107
3242081354432
3770442576403
5021131334537
6088331531053
5714501531133
0170215672673
0871825772178
5113775828637
7856545282711
8752751354543
8236817035105
6155831686301
0132402243813
5304231170685
1250586616500
1732764467533
8781163878546
8454533123751
0403406187784
8612766168721
1816314068734
5740574146004
1802421286024
6342727318563
0706116885834
5215046110518
6118844023224
7556747255147
0827634234605
4733883551542
1251484034736
7624075100826
2123763322520
7541250205310
7711267763786
1825452080576
3131482685218
8311261540841
6807642526347
7682384557777
7607146312608
7835675383526
8041018754444
8746421314281
0248335346781
4111371177817
2127422816250
1704056278201
3681356404162
4612474263036
2454186275082
6850287710054
4576377632853
1885112105650
1580448531411
1152563867848
8223000261627
3667734801578
0203685545301
3084070726280
4088165007223
7618037503040
6606474644554
5302151503536
8133583008822
4752152463562
3345333773308
5245408813872
0011676358535
5835321180818
4621047032655
4350281840458
5500010738038
0441568777586
0808575072022
4561345286424
6517631210733
1781138313053
0341255118804
5083486026264
0314201336786
2610701677377
0736513742056
7712314768728
2562466403851
5476414113444
2383744677017
2727415158884
6660126843454
4136575575738
3736303376876
7377371864672
1377176278578
3216348881681
0286357188485
0038420338781
2721208874315
8874257737585
4865216128766
3862507821585
1138061658111
1436806427101
5151716605728
1507041472551
5118228718031
8341743081437
5856785554502
5308583756054
1116054460130
0753770478884
4008150373483
8578374474127
1582216504367
5362413384585
1386476234351
2177032421750
0732022502530
5051725372504
2607210468714
1242724872802
5052471405510
4257160312853
2543407040743
8880670772380
2874665155051
5308163660405
1553303367103
1813373515680
6525833140412
8177587753526
5508874237018
7515862071620
7011162167150
6585366601584
7056325883125
2860700705127
0537851682583
7816273746802
4857334520414
4083601410623
3884736502007
1465854622810
7873784804661
1374672785641
0750503747764
0470808630874
0718207576307
5326506277086
6535661185555
6871640035364
7022810521128
6766760837450
4753008271865
4403658671367
6554275751881
1367678115780
7626616222527
1068304545084
5655065188473
7187005768421
7332027250561
8551110822654
8357712871757
2011121808147
2215166534562
3411474288701
4457332880720
0827543875684
3043224821040
2424337364803
3615777802447
4607722428621
3015452787752
2611170580286
6680733646746
8284822405206
8244875774770
3257836387631
8616150040186
8780615888826
8320470778603
1788147147470
4610614366645
2880710287087
4344462323662
4483124527238
3775800860821
8128412554245
6421520433463
5637401822222
1036350234644
5154661145278
1354287218160
8502162848364
4115408336672
6524137675014
5406326736044
1764733786686
8876414843363
3133728520826
5655726536062
8055337402457
3005873746275
0860325537065
4415410876467
1233326738687
1820107228571
1751122503184
7871436680675
4858374117126
4510501528413
1141783563010
3425057780483
5582806852680
2806217556257
8242182326643
8407156028616
3070855103320
6650132713474
6866271352426
0827064078317
3871531486330
5151317432522
7347834442535
1021174002364
2320527256006
0841806606111
6726101301145
2424220475482
2872517440075
8828626271343
8158267761575
0617426620177
1204737125747
2062761120086
1765140355713
2037032685801
4668185018453
3336480441638
6502164003653
8520082687311
0068485218087
6033051103231
6126760064307
7806611221257
6008635314031
3768502171025
0274880880867
8345403572425
2258706032464
1214671708615
0782031357382
8064088870424
6071377187112
1415474471057
7251748460533
4108153763725
6787865505470
5174351123470
4101778261571
7673541181028
2033340823586
6777016263377
8574087757736
0625314772300
7464604553063
5070084318800
1380244813100
6704328854862
3565563581540
4143660815265
6104703008157
3647630266417
1621838802532
5104227733438
8630343076678
6572383367113
2387377842507
0026425342008
5851717028102
8002212573103
8507176317334
4177016124218
7636531311837
2287268751702
0225065280031
8212873273142
5201546337051
1752273065531
8581710712174
4674316755651
3117547350318
8420434726111
4622024668525
6808542421450
2130405481128
0611566764620
6762476883263
5616686535204
7824556326665
3580284110507
7532231086646
6802848151532
3525854761804
3543725514181
1052367804737
0078701303513
3661016743146
1153060815626
1670600030173
5505554078663
7132107388836
1367044503848
0762603228518
1806502841287
2166746180651
8838406125437
7204533771440
1461730302456
2268512853143
2221673372416
1336048800175
2215046306084
5124027708573
5442113151211
8321537476550
8862257671874
8530002724572
1876675123327
5240123042175
5315413038814
1135187238322
2416658022868
2762358611670
2831372277751
2138848168414
7341347530607
0363085227321
2884078708664
3658157134438
5424408228678
7180485457536
7387331124453
6710771166130
4630551724235
2575533026240
7140674284727
8343386154310
6802804578326
3733182640483
3672607505254
6620410547713
3721842456652
2413206515445
3777700368276
6281853285415
6461276204677
5575474423505
7034226225546
4136722187320
5603011685851
3053811732154
3648181160175
4384430572457
1112386463104
8486044366887
6584482378035
2006063045611
0034323511527
2611482423386
1462013382824
6080844146820
6757605617881
3732428812414
7355770845614
7675100605621
6314515211040
0828260031050
3067773505688
5525460181412
0112108464533
2138248304665
3584825462474
6048152148688
8188535463524
3785881678713
1447524023465
0108575523278
6611107220076
2640337280673
0477010656711
3826081858028
7856632702440
7706068288818
6634575020078
3722572013777
2267055755356
6784708020863
1785345742338
3217276814055
7860161646802
7081450756747
0838370766030
5127426086088
3461185361253
0041277407471
5661238434044
0758802116563
1143523028558
7576436670718
3583813827887
6047702015242
1053061676088
4185776655201
6771068602376
2707337740157
3644323883866
3023856058572
8122665121148
0473411507511
4777776131565
2040718852114
4557361416333
2776216770088
4128556230447
8501315470188
8355448318211
6608621421666
8235100552664
8536578238482
7646278755056
1141331134054
8744386722188
7763031856624
1714130780301
0787821342484
6453162778671
7718722722867
4005454565148
6632820742254
2663165221613
0341203854382
5608778036823
4754550516230
1256124808223
8236548744218
7763865656465
6644821157140
7416625135158
5552570871205
0871048871588
2132137864431
3410286115325
6606403658440
8163327713777
6270400551780
4046555284372
0364228530753
4342073277247
1256632285717
5040861111754
5382530406852
4314651113767
5250070267260
4035243517053
2423005666785
1406477610750
